# Timestamp			Delay			Air Time			Packet ID			Source			Data Value			Retries			Fails
0			1311007376702027647			0			0			me		9734986			0			0
0			1311007376742321462			0			1			me		9734986			0			0
0			1311007376782518954			0			2			me		9734986			0			0
0			1311007376822684609			0			3			me		9734986			0			0
0			1311007376862833852			0			4			me		9734986			0			0
0			1311007376902998246			0			5			me		9734986			0			0
0			1311007376943150131			0			6			me		9734986			0			0
0			1311007376983297001			0			7			me		9734986			0			0
0			1311007377023442754			0			8			me		9734986			0			0
0			1311007377063590665			0			9			me		9734986			0			0
